    10.000      0.16411E-09
    19.900      0.18025E-06
    29.800      0.59670E-04
    39.700      0.27348E-02
    49.600      0.19288E-01
    59.500      0.52701E-01
    69.400      0.10117    
    79.300      0.18088    
    89.200      0.25466    
    99.100      0.31444    
    109.00      0.57201E-01
    118.90      0.23862E-01
    128.80      0.21384E-01
    138.70      0.30992E-01
    148.60      0.33102E-01
    158.50      0.38722E-01
    168.40      0.37153E-01
    178.30      0.65324E-01
    188.20      0.82031E-01
    198.10      0.10063    
    208.00      0.11953    
    217.90      0.13840    
    227.80      0.16066    
    237.70      0.18490    
    247.60      0.20941    
    257.50      0.23577    
    267.40      0.26223    
    277.30      0.28838    
    287.20      0.31405    
    297.10      0.33919    
    307.00      0.36450    
    316.90      0.38941    
    326.80      0.41363    
    336.70      0.43694    
    346.60      0.45930    
    356.50      0.48073    
    366.40      0.50160    
    376.30      0.52359    
    386.20      0.54474    
    396.10      0.56486    
    406.00      0.58397    
    415.90      0.33387    
    425.80      0.35416    
    435.70      0.37403    
    445.60      0.39344    
    455.50      0.41235    
    465.40      0.43087    
    475.30      0.44912    
    485.20      0.46681    
    495.10      0.48395    
    505.00      0.50052    
    514.90      0.51654    
    524.80      0.53201    
    534.70      0.54694    
    544.60      0.56133    
    554.50      0.57521    
    564.40      0.58873    
    574.30      0.60216    
    584.20      0.61532    
    594.10      0.62815    
    604.00      0.64055    
    613.90      0.65247    
    623.80      0.66391    
    633.70      0.67491    
    643.60      0.68547    
    653.50      0.69561    
    663.40      0.70536    
    673.30      0.71472    
    683.20      0.72371    
    693.10      0.73234    
    703.00      0.74050    
    712.90      0.74827    
    722.80      0.75574    
    732.70      0.76293    
    742.60      0.76985    
    752.50      0.77650    
    762.40      0.78292    
    772.30      0.78914    
    782.20      0.79520    
    792.10      0.80110    
    802.00      0.80683    
    811.90      0.81245    
    821.80      0.81787    
    831.70      0.82308    
    841.60      0.82809    
    851.50      0.83291    
    861.40      0.83754    
    871.30      0.84200    
    881.20      0.84629    
    891.10      0.85043    
    901.00      0.85447    
    910.90      0.85842    
    920.80      0.86227    
    930.70      0.86601    
    940.60      0.86963    
    950.50      0.87312    
    960.40      0.87650    
    970.30      0.87975    
    980.20      0.88290    
    990.10      0.88594    
    1000.0      0.88888    