Energy_240120_017	Is (A)_1_240120_017	Im (A)_1_240120_017	Is/Im (#)_1_240120_017	Keithley Source (A)_2_240120_017
-8.150084E+2	-4.118391E-10	5.518068E-11	-7.463465E+0	6.160094E-11
-8.149000E+2	-4.140928E-10	5.502892E-11	-7.525003E+0	6.172152E-11
-8.148001E+2	-4.114892E-10	5.503495E-11	-7.476871E+0	6.184381E-11
-8.147000E+2	-4.130156E-10	5.514413E-11	-7.489747E+0	6.184021E-11
-8.146000E+2	-4.108849E-10	5.506274E-11	-7.462122E+0	6.212256E-11
-8.145000E+2	-4.120290E-10	5.499367E-11	-7.492299E+0	6.100738E-11
-8.144000E+2	-4.096734E-10	5.505890E-11	-7.440639E+0	6.054202E-11
-8.143000E+2	-4.109998E-10	5.509069E-11	-7.460422E+0	6.191805E-11
-8.141999E+2	-4.087239E-10	5.510106E-11	-7.417714E+0	6.192433E-11
-8.141000E+2	-4.096216E-10	5.511113E-11	-7.432647E+0	6.191465E-11
-8.139999E+2	-4.070418E-10	5.511743E-11	-7.384992E+0	6.204914E-11
-8.139000E+2	-4.084903E-10	5.512509E-11	-7.410243E+0	6.220108E-11
-8.138000E+2	-4.059568E-10	5.513357E-11	-7.363151E+0	6.232798E-11
-8.137000E+2	-4.071686E-10	5.513407E-11	-7.385063E+0	6.232707E-11
-8.136000E+2	-4.052184E-10	5.515140E-11	-7.347382E+0	6.228720E-11
-8.135001E+2	-4.060900E-10	5.517106E-11	-7.360562E+0	6.258503E-11
-8.133999E+2	-4.046184E-10	5.516484E-11	-7.334715E+0	6.286347E-11
-8.133000E+2	-4.048221E-10	5.516934E-11	-7.337809E+0	6.289026E-11
-8.131999E+2	-4.029637E-10	5.517284E-11	-7.303661E+0	6.297437E-11
-8.131001E+2	-4.034668E-10	5.517934E-11	-7.311918E+0	6.299895E-11
-8.130000E+2	-4.013879E-10	5.519037E-11	-7.272789E+0	6.329148E-11
-8.129000E+2	-4.025188E-10	5.520511E-11	-7.291332E+0	6.334383E-11
-8.128000E+2	-4.006055E-10	5.522010E-11	-7.254704E+0	6.343873E-11
-8.127001E+2	-4.012274E-10	5.521742E-11	-7.266319E+0	6.349758E-11
-8.125999E+2	-3.994473E-10	5.521956E-11	-7.233801E+0	6.359708E-11
-8.125000E+2	-4.004601E-10	5.523880E-11	-7.249616E+0	6.356141E-11
-8.123999E+2	-3.993733E-10	5.524949E-11	-7.228543E+0	6.380210E-11
-8.123001E+2	-3.998282E-10	5.524828E-11	-7.236935E+0	6.371968E-11
-8.122000E+2	-3.986540E-10	5.526861E-11	-7.213027E+0	6.375525E-11
-8.121000E+2	-3.992156E-10	5.526200E-11	-7.224053E+0	6.391191E-11
-8.120000E+2	-3.988578E-10	5.526571E-11	-7.217094E+0	6.397603E-11
-8.119001E+2	-3.986081E-10	5.529125E-11	-7.209244E+0	6.402168E-11
-8.117999E+2	-3.983939E-10	5.528430E-11	-7.206276E+0	6.402461E-11
-8.117000E+2	-3.982648E-10	5.529441E-11	-7.202623E+0	6.414739E-11
-8.115999E+2	-3.983726E-10	5.530812E-11	-7.202787E+0	6.422042E-11
-8.115001E+2	-3.981630E-10	5.533006E-11	-7.196143E+0	6.430675E-11
-8.114000E+2	-3.983531E-10	5.531392E-11	-7.201679E+0	6.440586E-11
-8.113000E+2	-3.980310E-10	5.531524E-11	-7.195684E+0	6.437158E-11
-8.112000E+2	-3.980240E-10	5.533326E-11	-7.193214E+0	6.449997E-11
-8.111001E+2	-3.980875E-10	5.533979E-11	-7.193513E+0	6.473646E-11
-8.109999E+2	-3.981286E-10	5.532927E-11	-7.195624E+0	6.479750E-11
-8.109000E+2	-3.981635E-10	5.534459E-11	-7.194262E+0	6.482107E-11
-8.107999E+2	-3.982116E-10	5.534993E-11	-7.194437E+0	6.491180E-11
-8.107001E+2	-3.983168E-10	5.535659E-11	-7.195472E+0	6.517565E-11
-8.106000E+2	-3.984111E-10	5.536933E-11	-7.195520E+0	6.521112E-11
-8.105000E+2	-3.982127E-10	5.543576E-11	-7.183318E+0	6.516095E-11
-8.104000E+2	-3.986351E-10	5.537119E-11	-7.199323E+0	6.536108E-11
-8.103001E+2	-3.982847E-10	5.538408E-11	-7.191321E+0	6.527896E-11
-8.101999E+2	-3.987189E-10	5.539132E-11	-7.198220E+0	6.539933E-11
-8.101000E+2	-3.979823E-10	5.539014E-11	-7.185075E+0	6.552493E-11
-8.099999E+2	-3.983051E-10	5.540309E-11	-7.189222E+0	6.570645E-11
-8.099001E+2	-3.977843E-10	5.540074E-11	-7.180126E+0	6.572513E-11
-8.098000E+2	-3.978957E-10	5.541304E-11	-7.180543E+0	6.585231E-11
-8.097000E+2	-3.973762E-10	5.539490E-11	-7.173516E+0	6.580137E-11
-8.096000E+2	-3.979495E-10	5.541529E-11	-7.181222E+0	6.593144E-11
-8.095001E+2	-3.969914E-10	5.541377E-11	-7.164129E+0	6.605394E-11
-8.093999E+2	-3.976159E-10	5.541393E-11	-7.175378E+0	6.614065E-11
-8.093000E+2	-3.959834E-10	5.542514E-11	-7.144473E+0	6.612907E-11
-8.091999E+2	-3.970911E-10	5.542202E-11	-7.164862E+0	6.613416E-11
-8.091001E+2	-3.952049E-10	5.544130E-11	-7.128348E+0	6.625344E-11
-8.090000E+2	-3.949482E-10	5.543310E-11	-7.124772E+0	6.644338E-11
-8.089000E+2	-3.938394E-10	5.545053E-11	-7.102536E+0	6.668665E-11
-8.088000E+2	-3.941599E-10	5.544746E-11	-7.108710E+0	6.677876E-11
-8.087001E+2	-3.925338E-10	5.545245E-11	-7.078746E+0	6.667597E-11
-8.086000E+2	-3.936487E-10	5.546339E-11	-7.097451E+0	6.684711E-11
-8.085000E+2	-3.912250E-10	5.548265E-11	-7.051303E+0	6.801421E-11
-8.084000E+2	-3.924543E-10	5.550782E-11	-7.070252E+0	6.801032E-11
-8.082999E+2	-3.895496E-10	5.544375E-11	-7.026033E+0	6.601117E-11
-8.082001E+2	-3.908612E-10	5.547347E-11	-7.045912E+0	6.763317E-11
-8.081001E+2	-3.880047E-10	5.549671E-11	-6.991490E+0	6.757512E-11
-8.080001E+2	-3.891519E-10	5.547566E-11	-7.014822E+0	6.703015E-11
-8.078999E+2	-3.865868E-10	5.548572E-11	-6.967321E+0	6.769671E-11
-8.078000E+2	-3.871021E-10	5.548519E-11	-6.976674E+0	6.760489E-11
-8.077001E+2	-3.852052E-10	5.548721E-11	-6.942234E+0	6.802351E-11
-8.076000E+2	-3.858347E-10	5.550256E-11	-6.951656E+0	6.754847E-11
-8.075000E+2	-3.840142E-10	5.549183E-11	-6.920193E+0	6.819677E-11
-8.073999E+2	-3.852893E-10	5.550470E-11	-6.941562E+0	6.779652E-11
-8.072999E+2	-3.827833E-10	5.551450E-11	-6.895195E+0	6.781692E-11
-8.072000E+2	-3.837143E-10	5.552041E-11	-6.911230E+0	6.803622E-11
-8.071000E+2	-3.815547E-10	5.549611E-11	-6.875341E+0	6.798826E-11
-8.070001E+2	-3.834485E-10	5.551228E-11	-6.907454E+0	6.816030E-11
-8.069000E+2	-3.815410E-10	5.552399E-11	-6.871642E+0	6.828387E-11
-8.068001E+2	-3.822700E-10	5.551348E-11	-6.886075E+0	6.836690E-11
-8.067000E+2	-3.809571E-10	5.552434E-11	-6.861083E+0	6.840935E-11
-8.066000E+2	-3.822187E-10	5.552919E-11	-6.883203E+0	6.867402E-11
-8.065000E+2	-3.805340E-10	5.552505E-11	-6.853375E+0	6.863596E-11
-8.064000E+2	-3.823873E-10	5.552147E-11	-6.887197E+0	6.845155E-11
-8.063001E+2	-3.802083E-10	5.561736E-11	-6.836144E+0	6.870578E-11
-8.062000E+2	-3.814950E-10	5.553816E-11	-6.869061E+0	6.871081E-11
-8.061001E+2	-3.797114E-10	5.552891E-11	-6.838085E+0	6.827810E-11
-8.060000E+2	-3.819195E-10	5.553576E-11	-6.877001E+0	6.894078E-11
-8.059000E+2	-3.802531E-10	5.554182E-11	-6.846248E+0	6.865936E-11
-8.057999E+2	-3.826404E-10	5.554750E-11	-6.888526E+0	6.901652E-11
-8.056999E+2	-3.818707E-10	5.553854E-11	-6.875779E+0	6.904800E-11
-8.056000E+2	-3.841044E-10	5.554342E-11	-6.915390E+0	6.929265E-11
-8.055000E+2	-3.833505E-10	5.553162E-11	-6.903283E+0	6.945841E-11
-8.053999E+2	-3.853360E-10	5.554385E-11	-6.937510E+0	6.941476E-11
-8.053000E+2	-3.847395E-10	5.554339E-11	-6.926828E+0	6.941912E-11
-8.051999E+2	-3.873261E-10	5.553783E-11	-6.974095E+0	6.968121E-11
-8.051001E+2	-3.862129E-10	5.554225E-11	-6.953498E+0	6.979711E-11
-8.050001E+2	-3.891849E-10	5.555283E-11	-7.005672E+0	6.945901E-11
-8.049001E+2	-3.885746E-10	5.554119E-11	-6.996152E+0	7.038534E-11
-8.047999E+2	-3.915216E-10	5.554830E-11	-7.048309E+0	6.959409E-11
-8.047000E+2	-3.909309E-10	5.556960E-11	-7.034978E+0	7.009741E-11
-8.046001E+2	-3.940835E-10	5.555310E-11	-7.093817E+0	7.009422E-11
-8.045000E+2	-3.939706E-10	5.554861E-11	-7.092357E+0	7.042971E-11
-8.043999E+2	-3.969969E-10	5.555448E-11	-7.146083E+0	6.944943E-11
-8.043001E+2	-3.978039E-10	5.555412E-11	-7.160655E+0	7.062505E-11
-8.042001E+2	-4.002255E-10	5.555200E-11	-7.204520E+0	7.060966E-11
-8.041001E+2	-4.016191E-10	5.554167E-11	-7.230951E+0	7.074313E-11
-8.039999E+2	-4.047163E-10	5.554801E-11	-7.285883E+0	7.071156E-11
-8.039000E+2	-4.062918E-10	5.555111E-11	-7.313838E+0	7.060367E-11
-8.038001E+2	-4.096652E-10	5.556013E-11	-7.373366E+0	7.093714E-11
-8.037000E+2	-4.116172E-10	5.554313E-11	-7.410767E+0	7.092504E-11
-8.035999E+2	-4.150493E-10	5.555174E-11	-7.471401E+0	7.100778E-11
-8.034999E+2	-4.178646E-10	5.555559E-11	-7.521558E+0	7.115815E-11
-8.033999E+2	-4.225200E-10	5.556085E-11	-7.604635E+0	7.108369E-11
-8.032999E+2	-4.259983E-10	5.557109E-11	-7.665826E+0	7.138894E-11
-8.032000E+2	-4.322563E-10	5.556048E-11	-7.779924E+0	7.150790E-11
-8.031000E+2	-4.355879E-10	5.556635E-11	-7.839059E+0	7.156387E-11
-8.029999E+2	-4.426742E-10	5.555831E-11	-7.967741E+0	7.152620E-11
-8.029001E+2	-4.470343E-10	5.555425E-11	-8.046806E+0	7.164758E-11
-8.028000E+2	-4.545286E-10	5.555487E-11	-8.181616E+0	7.164927E-11
-8.027000E+2	-4.587484E-10	5.554778E-11	-8.258627E+0	7.183771E-11
-8.026000E+2	-4.690321E-10	5.556108E-11	-8.441738E+0	7.199404E-11
-8.025000E+2	-4.764203E-10	5.555045E-11	-8.576354E+0	7.204441E-11
-8.024001E+2	-4.867357E-10	5.554299E-11	-8.763225E+0	7.209226E-11
-8.023000E+2	-4.940646E-10	5.556887E-11	-8.891032E+0	7.231336E-11
-8.022001E+2	-5.067257E-10	5.542168E-11	-9.143095E+0	7.230797E-11
-8.021000E+2	-5.170455E-10	5.562593E-11	-9.295045E+0	7.235892E-11
-8.019999E+2	-5.284652E-10	5.554462E-11	-9.514246E+0	7.256424E-11
-8.018999E+2	-5.371258E-10	5.554667E-11	-9.669811E+0	7.253655E-11
-8.017999E+2	-5.498207E-10	5.555849E-11	-9.896250E+0	7.284946E-11
-8.017000E+2	-5.585010E-10	5.554723E-11	-1.005452E+1	7.304589E-11
-8.016000E+2	-5.692385E-10	5.555714E-11	-1.024600E+1	7.303071E-11
-8.014999E+2	-5.768868E-10	5.555197E-11	-1.038463E+1	7.311802E-11
-8.014000E+2	-5.863560E-10	5.555260E-11	-1.055497E+1	7.314049E-11
-8.013000E+2	-5.934903E-10	5.554709E-11	-1.068445E+1	7.346011E-11
-8.011999E+2	-6.016990E-10	5.554707E-11	-1.083224E+1	7.340166E-11
-8.010999E+2	-6.116581E-10	5.554484E-11	-1.101197E+1	7.365163E-11
-8.009999E+2	-6.222542E-10	5.553836E-11	-1.120404E+1	7.366681E-11
-8.009000E+2	-6.380175E-10	5.553754E-11	-1.148804E+1	7.372077E-11
-8.008001E+2	-6.564682E-10	5.554315E-11	-1.181907E+1	7.390059E-11
-8.006999E+2	-6.793098E-10	5.553953E-11	-1.223110E+1	7.405593E-11
-8.006001E+2	-7.054938E-10	5.553953E-11	-1.270255E+1	7.412600E-11
-8.005000E+2	-7.347897E-10	5.554012E-11	-1.322989E+1	7.443580E-11
-8.004000E+2	-7.664890E-10	5.554196E-11	-1.380018E+1	7.448846E-11
-8.003000E+2	-7.907673E-10	5.553927E-11	-1.423799E+1	7.462762E-11
-8.002000E+2	-8.087225E-10	5.553376E-11	-1.456272E+1	7.464981E-11
-8.001001E+2	-8.149680E-10	5.553447E-11	-1.467499E+1	7.474213E-11
-7.999999E+2	-8.079247E-10	5.554129E-11	-1.454638E+1	7.493914E-11
-7.999000E+2	-7.842735E-10	5.553319E-11	-1.412261E+1	7.491986E-11
-7.998000E+2	-7.546562E-10	5.552402E-11	-1.359153E+1	7.511099E-11
-7.996999E+2	-7.260475E-10	5.551899E-11	-1.307746E+1	7.508472E-11
-7.995999E+2	-6.922077E-10	5.551331E-11	-1.246922E+1	7.511099E-11
-7.994999E+2	-6.599859E-10	5.552851E-11	-1.188553E+1	7.518493E-11
-7.994000E+2	-6.367380E-10	5.552598E-11	-1.146739E+1	7.516305E-11
-7.993000E+2	-6.171140E-10	5.550782E-11	-1.111760E+1	7.499950E-11
-7.992001E+2	-5.964126E-10	5.550504E-11	-1.074520E+1	7.538973E-11
-7.991000E+2	-5.765855E-10	5.551301E-11	-1.038649E+1	7.530772E-11
-7.990000E+2	-5.575342E-10	5.550888E-11	-1.004405E+1	7.532160E-11
-7.988999E+2	-5.370230E-10	5.551212E-11	-9.673978E+0	7.534587E-11
-7.987999E+2	-5.128705E-10	5.550186E-11	-9.240600E+0	7.541221E-11
-7.986999E+2	-4.860933E-10	5.548610E-11	-8.760632E+0	7.534458E-11
-7.986000E+2	-4.652445E-10	5.548294E-11	-8.385361E+0	7.538394E-11
-7.985000E+2	-4.488784E-10	5.548837E-11	-8.089594E+0	7.528413E-11
-7.983999E+2	-4.339712E-10	5.549208E-11	-7.820417E+0	7.537646E-11
-7.983001E+2	-4.220577E-10	5.548883E-11	-7.606174E+0	7.546615E-11
-7.982000E+2	-4.111191E-10	5.546779E-11	-7.411853E+0	7.549354E-11
-7.981000E+2	-3.990540E-10	5.547958E-11	-7.192809E+0	7.535398E-11
-7.980000E+2	-3.857002E-10	5.534042E-11	-6.969593E+0	7.544887E-11
-7.979000E+2	-3.754061E-10	5.552793E-11	-6.760672E+0	7.549496E-11
-7.978001E+2	-3.679710E-10	5.545922E-11	-6.634983E+0	7.546667E-11
-7.976999E+2	-3.610543E-10	5.546100E-11	-6.510058E+0	7.550471E-11
-7.976000E+2	-3.544960E-10	5.547559E-11	-6.390126E+0	7.562641E-11
-7.975000E+2	-3.488631E-10	5.544954E-11	-6.291542E+0	7.578457E-11
-7.973999E+2	-3.444368E-10	5.545138E-11	-6.211510E+0	7.587166E-11
-7.972999E+2	-3.405619E-10	5.543841E-11	-6.143068E+0	7.588597E-11
-7.971999E+2	-3.367684E-10	5.544205E-11	-6.074241E+0	7.600366E-11
-7.971000E+2	-3.346421E-10	5.542711E-11	-6.037517E+0	7.605613E-11
-7.970000E+2	-3.321770E-10	5.543959E-11	-5.991693E+0	7.612345E-11
-7.968999E+2	-3.311799E-10	5.542827E-11	-5.974928E+0	7.627143E-11
-7.968001E+2	-3.291151E-10	5.542069E-11	-5.938488E+0	7.623256E-11
-7.967000E+2	-3.278980E-10	5.541944E-11	-5.916660E+0	7.627364E-11
-7.966000E+2	-3.270558E-10	5.540977E-11	-5.902493E+0	7.640549E-11
-7.965000E+2	-3.260520E-10	5.542418E-11	-5.882848E+0	7.648923E-11
-7.964000E+2	-3.247952E-10	5.540009E-11	-5.862720E+0	7.643196E-11
-7.963000E+2	-3.245422E-10	5.540763E-11	-5.857356E+0	7.655237E-11
-7.961999E+2	-3.235042E-10	5.539918E-11	-5.839512E+0	7.673531E-11
-7.961000E+2	-3.238687E-10	5.539782E-11	-5.846235E+0	7.681772E-11
-7.960000E+2	-3.231053E-10	5.539522E-11	-5.832729E+0	7.683750E-11
-7.958999E+2	-3.237923E-10	5.538466E-11	-5.846245E+0	7.690573E-11
-7.958001E+2	-3.228825E-10	5.537564E-11	-5.830768E+0	7.694702E-11
-7.957001E+2	-3.236480E-10	5.536197E-11	-5.846035E+0	7.710457E-11
-7.955999E+2	-3.215926E-10	5.536102E-11	-5.809008E+0	7.708348E-11
-7.955000E+2	-3.232205E-10	5.536227E-11	-5.838281E+0	7.719047E-11
-7.954001E+2	-3.220797E-10	5.535249E-11	-5.818703E+0	7.740049E-11
-7.953000E+2	-3.227513E-10	5.534034E-11	-5.832116E+0	7.748009E-11
-7.951999E+2	-3.204992E-10	5.533481E-11	-5.792000E+0	7.755033E-11
-7.950999E+2	-3.223458E-10	5.533655E-11	-5.825188E+0	7.752276E-11
-7.949999E+2	-3.201894E-10	5.532426E-11	-5.787504E+0	7.752489E-11
-7.948999E+2	-3.217277E-10	5.531305E-11	-5.816488E+0	7.762137E-11
-7.948000E+2	-3.194077E-10	5.530914E-11	-5.774953E+0	7.768682E-11
-7.947001E+2	-3.198876E-10	5.530239E-11	-5.784336E+0	7.785938E-11
-7.946000E+2	-3.183092E-10	5.529616E-11	-5.756443E+0	7.797757E-11
-7.945001E+2	-3.196711E-10	5.527614E-11	-5.783166E+0	7.809174E-11
-7.944000E+2	-3.171257E-10	5.527571E-11	-5.737162E+0	7.817628E-11
-7.943000E+2	-3.183065E-10	5.526687E-11	-5.759445E+0	7.826272E-11
-7.942000E+2	-3.156046E-10	5.524661E-11	-5.712651E+0	7.814401E-11
-7.941001E+2	-3.173495E-10	5.524457E-11	-5.744447E+0	7.830964E-11
-7.939999E+2	-3.145196E-10	5.522529E-11	-5.695210E+0	7.841394E-11
-7.939000E+2	-3.164718E-10	5.520786E-11	-5.732369E+0	7.890490E-11
-7.937999E+2	-3.145843E-10	5.512139E-11	-5.707118E+0	7.868361E-11
-7.937001E+2	-3.157347E-10	5.524347E-11	-5.715331E+0	7.878540E-11
-7.936000E+2	-3.135223E-10	5.518274E-11	-5.681528E+0	7.878492E-11
-7.935000E+2	-3.142496E-10	5.519495E-11	-5.693448E+0	7.880348E-11
-7.934001E+2	-3.134526E-10	5.522252E-11	-5.676173E+0	7.870017E-11
-7.932999E+2	-3.152725E-10	5.521140E-11	-5.710279E+0	7.878601E-11
-7.932000E+2	-3.131602E-10	5.519800E-11	-5.673398E+0	7.893028E-11
-7.931001E+2	-3.145731E-10	5.518971E-11	-5.699851E+0	7.889081E-11
-7.930000E+2	-3.126378E-10	5.518175E-11	-5.665601E+0	7.887264E-11
-7.929000E+2	-3.140877E-10	5.517787E-11	-5.692277E+0	7.897086E-11
-7.928000E+2	-3.118880E-10	5.517369E-11	-5.652839E+0	7.914468E-11
-7.927000E+2	-3.140202E-10	5.517048E-11	-5.691816E+0	7.917024E-11
-7.926000E+2	-3.125246E-10	5.515589E-11	-5.666205E+0	7.937875E-11
-7.925001E+2	-3.145458E-10	5.513346E-11	-5.705171E+0	7.956521E-11
-7.924000E+2	-3.128870E-10	5.512086E-11	-5.676381E+0	7.948486E-11
-7.923001E+2	-3.149447E-10	5.509557E-11	-5.716334E+0	7.965759E-11
-7.922000E+2	-3.132805E-10	5.507497E-11	-5.688255E+0	8.002295E-11
-7.921000E+2	-3.151032E-10	5.506618E-11	-5.722264E+0	7.992196E-11
-7.920000E+2	-3.130979E-10	5.505292E-11	-5.687217E+0	7.992896E-11
-7.919000E+2	-3.152232E-10	5.504681E-11	-5.726457E+0	8.005063E-11
-7.918001E+2	-3.141345E-10	5.503137E-11	-5.708281E+0	8.014785E-11
-7.917000E+2	-3.162820E-10	5.502502E-11	-5.747967E+0	8.030181E-11
-7.916001E+2	-3.156219E-10	5.500737E-11	-5.737811E+0	8.032889E-11
-7.915000E+2	-3.180824E-10	5.500547E-11	-5.782741E+0	8.038643E-11
-7.913999E+2	-3.169712E-10	5.502267E-11	-5.760738E+0	8.046736E-11
-7.912999E+2	-3.211284E-10	5.499254E-11	-5.839490E+0	8.067314E-11
-7.912000E+2	-3.203549E-10	5.499102E-11	-5.825586E+0	8.064032E-11
-7.911000E+2	-3.235878E-10	5.498290E-11	-5.885244E+0	8.075730E-11
-7.910001E+2	-3.231183E-10	5.495695E-11	-5.879480E+0	8.087158E-11
-7.909000E+2	-3.263269E-10	5.497147E-11	-5.936296E+0	8.082533E-11
-7.908001E+2	-3.260255E-10	5.494987E-11	-5.933144E+0	8.086688E-11
-7.907000E+2	-3.295585E-10	5.495275E-11	-5.997125E+0	8.105402E-11
-7.906000E+2	-3.285813E-10	5.493205E-11	-5.981595E+0	8.124185E-11
-7.905000E+2	-3.323981E-10	5.492912E-11	-6.051400E+0	8.126783E-11
-7.904000E+2	-3.327885E-10	5.492082E-11	-6.059423E+0	8.131949E-11
-7.903001E+2	-3.366002E-10	5.489746E-11	-6.131435E+0	8.114467E-11
-7.902000E+2	-3.378202E-10	5.489699E-11	-6.153711E+0	8.127683E-11
-7.901001E+2	-3.425330E-10	5.488398E-11	-6.241038E+0	8.116632E-11
-7.900000E+2	-3.426705E-10	5.487752E-11	-6.244278E+0	8.132148E-11
-7.899000E+2	-3.480855E-10	5.485471E-11	-6.345590E+0	8.161371E-11
-7.898000E+2	-3.480966E-10	5.485510E-11	-6.345747E+0	8.161792E-11
-7.897000E+2	-3.530068E-10	5.485151E-11	-6.435681E+0	8.175018E-11
-7.896000E+2	-3.545842E-10	5.481860E-11	-6.468319E+0	8.171121E-11
-7.894999E+2	-3.597524E-10	5.484509E-11	-6.559428E+0	8.179975E-11
-7.894000E+2	-3.611565E-10	5.478916E-11	-6.591751E+0	8.177725E-11
-7.893000E+2	-3.676105E-10	5.480730E-11	-6.707327E+0	8.176226E-11
-7.891999E+2	-3.712668E-10	5.478834E-11	-6.776383E+0	8.191842E-11
-7.891001E+2	-3.784447E-10	5.477482E-11	-6.909100E+0	8.204559E-11
-7.889999E+2	-3.831745E-10	5.477490E-11	-6.995440E+0	8.223155E-11
-7.888999E+2	-3.934569E-10	5.475286E-11	-7.186052E+0	8.223004E-11
-7.888000E+2	-3.992125E-10	5.472758E-11	-7.294540E+0	8.215881E-11
-7.887001E+2	-4.082608E-10	5.472438E-11	-7.460309E+0	8.231446E-11
-7.886000E+2	-4.160970E-10	5.471661E-11	-7.604583E+0	8.248199E-11
-7.885000E+2	-4.274636E-10	5.469559E-11	-7.815321E+0	8.243146E-11
-7.883999E+2	-4.378213E-10	5.465445E-11	-8.010716E+0	8.252534E-11
-7.882999E+2	-4.511591E-10	5.465179E-11	-8.255157E+0	8.204971E-11
-7.882000E+2	-4.632925E-10	5.463412E-11	-8.479911E+0	8.279274E-11
-7.881000E+2	-4.807897E-10	5.463326E-11	-8.800311E+0	8.273177E-11
-7.879999E+2	-4.913526E-10	5.459798E-11	-8.999465E+0	8.337190E-11
-7.879000E+2	-5.068908E-10	5.458339E-11	-9.286539E+0	8.311633E-11
-7.878000E+2	-5.198397E-10	5.457280E-11	-9.525619E+0	8.318755E-11
-7.876999E+2	-5.367434E-10	5.457723E-11	-9.834567E+0	8.326188E-11
-7.875999E+2	-5.503923E-10	5.457445E-11	-1.008516E+1	8.333611E-11
-7.874999E+2	-5.667301E-10	5.457319E-11	-1.038477E+1	8.346311E-11
-7.874000E+2	-5.792032E-10	5.456632E-11	-1.061466E+1	8.351794E-11
-7.873001E+2	-5.942545E-10	5.454466E-11	-1.089482E+1	8.373425E-11
-7.872000E+2	-6.037610E-10	5.452394E-11	-1.107332E+1	8.382289E-11
-7.871001E+2	-6.168955E-10	5.457755E-11	-1.130310E+1	8.401729E-11
-7.870000E+2	-6.269095E-10	5.449601E-11	-1.150377E+1	8.416353E-11
-7.869000E+2	-6.400993E-10	5.449080E-11	-1.174692E+1	8.410073E-11
-7.868000E+2	-6.522410E-10	5.446495E-11	-1.197543E+1	8.410931E-11
-7.867001E+2	-6.697165E-10	5.443168E-11	-1.230380E+1	8.427035E-11
-7.866000E+2	-6.896934E-10	5.443001E-11	-1.267120E+1	8.329806E-11
-7.865000E+2	-7.150306E-10	5.439707E-11	-1.314465E+1	8.487550E-11
-7.864000E+2	-7.391830E-10	5.438978E-11	-1.359048E+1	8.473514E-11
-7.862999E+2	-7.683467E-10	5.437733E-11	-1.412991E+1	8.470234E-11
-7.862001E+2	-7.967210E-10	5.435583E-11	-1.465751E+1	8.490336E-11
-7.861001E+2	-8.261592E-10	5.432071E-11	-1.520892E+1	8.496072E-11
-7.859999E+2	-8.565584E-10	5.430692E-11	-1.577255E+1	8.511699E-11
-7.859000E+2	-8.934946E-10	5.428430E-11	-1.645954E+1	8.530371E-11
-7.858001E+2	-9.255801E-10	5.426538E-11	-1.705655E+1	8.543889E-11
-7.857000E+2	-9.599531E-10	5.427372E-11	-1.768725E+1	8.567506E-11
-7.855999E+2	-9.950483E-10	5.426578E-11	-1.833657E+1	8.582061E-11
-7.855001E+2	-1.024720E-9	5.426698E-11	-1.888294E+1	8.600635E-11
-7.854001E+2	-1.049639E-9	5.430687E-11	-1.932792E+1	8.617210E-11
-7.852999E+2	-1.068747E-9	5.421990E-11	-1.971134E+1	8.629878E-11
-7.852000E+2	-1.073315E-9	5.419680E-11	-1.980403E+1	8.639887E-11
-7.851001E+2	-1.064752E-9	5.418014E-11	-1.965207E+1	8.653585E-11
-7.850000E+2	-1.043200E-9	5.416594E-11	-1.925934E+1	8.669851E-11
-7.849001E+2	-1.010908E-9	5.414285E-11	-1.867113E+1	8.694238E-11
-7.848001E+2	-9.734888E-10	5.413240E-11	-1.798348E+1	8.714310E-11
-7.847000E+2	-9.368205E-10	5.411700E-11	-1.731102E+1	8.709355E-11
-7.846001E+2	-8.905207E-10	5.409452E-11	-1.646231E+1	8.703319E-11
-7.844999E+2	-8.522859E-10	5.407839E-11	-1.576019E+1	8.693408E-11
-7.844000E+2	-8.234757E-10	5.404836E-11	-1.523591E+1	8.692069E-11
-7.843001E+2	-8.106160E-10	5.403333E-11	-1.500215E+1	8.715850E-11
-7.842000E+2	-8.023754E-10	5.400922E-11	-1.485627E+1	8.729725E-11
-7.841000E+2	-8.074140E-10	5.400246E-11	-1.495143E+1	8.751156E-11
-7.840000E+2	-8.124444E-10	5.397209E-11	-1.505305E+1	8.774326E-11
-7.839000E+2	-8.140573E-10	5.387856E-11	-1.510911E+1	8.764654E-11
-7.838000E+2	-8.000676E-10	5.395105E-11	-1.482951E+1	8.762354E-11
-7.837001E+2	-7.969916E-10	5.392620E-11	-1.477930E+1	8.786356E-11
-7.836000E+2	-8.092941E-10	5.388274E-11	-1.501954E+1	8.815660E-11
-7.834999E+2	-8.252593E-10	5.386840E-11	-1.531991E+1	8.817236E-11
-7.834000E+2	-8.145035E-10	5.385115E-11	-1.512509E+1	8.812272E-11
-7.833000E+2	-7.809512E-10	5.381984E-11	-1.451047E+1	8.810763E-11
-7.832000E+2	-7.275099E-10	5.380682E-11	-1.352077E+1	8.782038E-11
-7.831001E+2	-6.545424E-10	5.377167E-11	-1.217263E+1	8.770068E-11
-7.829999E+2	-5.983363E-10	5.376329E-11	-1.112909E+1	8.747661E-11
-7.829000E+2	-5.650135E-10	5.375744E-11	-1.051042E+1	8.723813E-11
-7.828000E+2	-5.318804E-10	5.371875E-11	-9.901206E+0	8.706907E-11
-7.827001E+2	-4.889845E-10	5.371144E-11	-9.103917E+0	8.684099E-11
-7.826001E+2	-4.353183E-10	5.368659E-11	-8.108511E+0	8.668465E-11
-7.825001E+2	-3.982554E-10	5.365024E-11	-7.423180E+0	8.670184E-11
-7.823999E+2	-3.731295E-10	5.365992E-11	-6.953598E+0	8.677834E-11
-7.823000E+2	-3.650676E-10	5.362568E-11	-6.807701E+0	8.684978E-11
-7.822000E+2	-3.568112E-10	5.360582E-11	-6.656203E+0	8.688473E-11
-7.821000E+2	-3.399086E-10	5.357258E-11	-6.344824E+0	8.688075E-11
-7.820001E+2	-3.087295E-10	5.357736E-11	-5.762313E+0	8.667994E-11
-7.819001E+2	-2.847953E-10	5.353945E-11	-5.319354E+0	8.640831E-11
-7.818001E+2	-2.690869E-10	5.352134E-11	-5.027656E+0	8.641159E-11
-7.817001E+2	-2.603021E-10	5.350445E-11	-4.865055E+0	8.637732E-11
-7.816000E+2	-2.525734E-10	5.349063E-11	-4.721825E+0	8.641049E-11
-7.815000E+2	-2.473068E-10	5.346670E-11	-4.625436E+0	8.641510E-11
-7.813999E+2	-2.438963E-10	5.343368E-11	-4.564468E+0	8.638212E-11
-7.813001E+2	-2.400802E-10	5.327355E-11	-4.506555E+0	8.645825E-11
-7.812000E+2	-2.378005E-10	5.344159E-11	-4.449727E+0	8.659155E-11
-7.811000E+2	-2.356151E-10	5.336585E-11	-4.415091E+0	8.657786E-11
-7.810001E+2	-2.338589E-10	5.336282E-11	-4.382431E+0	8.661841E-11
-7.808999E+2	-2.309482E-10	5.333447E-11	-4.330186E+0	8.649831E-11
-7.808000E+2	-2.303802E-10	5.331703E-11	-4.320950E+0	8.662260E-11
-7.807001E+2	-2.284912E-10	5.329469E-11	-4.287316E+0	8.670730E-11
-7.806000E+2	-2.281104E-10	5.327908E-11	-4.281425E+0	8.670331E-11
-7.805000E+2	-2.271119E-10	5.324597E-11	-4.265335E+0	8.667864E-11
-7.804000E+2	-2.261470E-10	5.324698E-11	-4.247133E+0	8.681802E-11
-7.803000E+2	-2.242214E-10	5.321003E-11	-4.213894E+0	8.677016E-11
-7.802000E+2	-2.242921E-10	5.320087E-11	-4.215948E+0	8.683779E-11
-7.800999E+2	-2.235352E-10	5.317019E-11	-4.204145E+0	8.678594E-11
-7.800000E+2	-2.225470E-10	5.314387E-11	-4.187633E+0	8.682701E-11
-7.799000E+2	-2.205701E-10	5.313808E-11	-4.150886E+0	8.697427E-11
-7.797999E+2	-2.212343E-10	5.311425E-11	-4.165253E+0	8.692591E-11
-7.796999E+2	-2.208906E-10	5.307590E-11	-4.161787E+0	8.711175E-11
-7.795999E+2	-2.200170E-10	5.306648E-11	-4.146064E+0	8.709435E-11
-7.795000E+2	-2.189401E-10	5.304102E-11	-4.127751E+0	8.730099E-11
-7.794000E+2	-2.190086E-10	5.300489E-11	-4.131857E+0	8.733935E-11
-7.792999E+2	-2.176795E-10	5.297748E-11	-4.108906E+0	8.732835E-11
-7.792001E+2	-2.185368E-10	5.298582E-11	-4.124439E+0	8.738842E-11
-7.791000E+2	-2.175187E-10	5.293656E-11	-4.109045E+0	8.727858E-11
-7.790000E+2	-2.179317E-10	5.292176E-11	-4.117998E+0	8.731326E-11
-7.789000E+2	-2.166717E-10	5.288008E-11	-4.097416E+0	8.741288E-11
-7.788001E+2	-2.164483E-10	5.287904E-11	-4.093272E+0	8.746980E-11
-7.786999E+2	-2.157897E-10	5.283037E-11	-4.084577E+0	8.751737E-11
-7.786000E+2	-2.153091E-10	5.281507E-11	-4.076660E+0	8.752055E-11
-7.785000E+2	-2.147065E-10	5.278796E-11	-4.067338E+0	8.766703E-11
-7.783999E+2	-2.146341E-10	5.275561E-11	-4.068460E+0	8.912936E-11
-7.782999E+2	-2.134107E-10	5.274671E-11	-4.045953E+0	8.638869E-11
-7.781999E+2	-2.136544E-10	5.273280E-11	-4.051641E+0	8.810064E-11
-7.781000E+2	-2.135459E-10	5.269007E-11	-4.052868E+0	8.656255E-11
-7.780000E+2	-2.131803E-10	5.266393E-11	-4.047938E+0	8.785445E-11
-7.778999E+2	-2.114694E-10	5.263311E-11	-4.017802E+0	8.763706E-11
-7.778000E+2	-2.125815E-10	5.261629E-11	-4.040222E+0	8.808874E-11
-7.777000E+2	-2.123051E-10	5.258888E-11	-4.037072E+0	8.820254E-11
-7.776000E+2	-2.118094E-10	5.255710E-11	-4.030082E+0	8.834290E-11
-7.775000E+2	-2.104656E-10	5.253236E-11	-4.006399E+0	8.840677E-11
-7.774000E+2	-2.113446E-10	5.250829E-11	-4.024976E+0	8.844563E-11
-7.772999E+2	-2.100025E-10	5.247914E-11	-4.001638E+0	8.842575E-11
-7.772000E+2	-2.107740E-10	5.245528E-11	-4.018166E+0	8.851005E-11
-7.770999E+2	-2.102800E-10	5.243837E-11	-4.010041E+0	8.859059E-11
-7.770001E+2	-2.102845E-10	5.242776E-11	-4.010938E+0	8.867618E-11
-7.769001E+2	-2.095234E-10	5.237346E-11	-4.000564E+0	8.868949E-11
-7.768001E+2	-2.087550E-10	5.235061E-11	-3.987633E+0	8.874346E-11
-7.766999E+2	-2.095202E-10	5.233478E-11	-4.003460E+0	8.869409E-11
-7.766000E+2	-2.079508E-10	5.231611E-11	-3.974890E+0	8.866153E-11
-7.765001E+2	-2.089344E-10	5.229138E-11	-3.995580E+0	8.865273E-11
-7.764000E+2	-2.077692E-10	5.226610E-11	-3.975219E+0	8.891691E-11
-7.763000E+2	-2.086767E-10	5.223101E-11	-3.995264E+0	8.891209E-11
-7.761999E+2	-2.073607E-10	5.220840E-11	-3.971788E+0	8.902661E-11
-7.760999E+2	-2.077961E-10	5.217836E-11	-3.982419E+0	8.920753E-11
-7.760000E+2	-2.068392E-10	5.216217E-11	-3.965310E+0	8.919073E-11
-7.759000E+2	-2.075239E-10	5.212587E-11	-3.981207E+0	8.919233E-11
-7.758000E+2	-2.064988E-10	5.211770E-11	-3.962163E+0	8.922960E-11
-7.757001E+2	-2.069624E-10	5.207149E-11	-3.974582E+0	8.918124E-11
-7.756000E+2	-2.059496E-10	5.205482E-11	-3.956398E+0	8.920970E-11
-7.755000E+2	-2.065674E-10	5.204084E-11	-3.969333E+0	8.943248E-11
-7.754000E+2	-2.052143E-10	5.200985E-11	-3.945681E+0	8.936615E-11
-7.753001E+2	-2.060487E-10	5.198530E-11	-3.963595E+0	8.943618E-11
-7.751999E+2	-2.048907E-10	5.195622E-11	-3.943526E+0	8.951751E-11
-7.751000E+2	-2.050075E-10	5.192183E-11	-3.948387E+0	8.945399E-11
-7.750000E+2	-2.053253E-10	5.189571E-11	-3.956499E+0	8.966290E-11
