Energy_240120_013	Is (A)_1_240120_013	Im (A)_1_240120_013	Is/Im (#)_1_240120_013	Keithley Source (A)_2_240120_013
-8.150005E+2	-3.573092E-10	5.620227E-11	-6.357558E+0	6.780335E-11
-8.149000E+2	-3.569653E-10	5.623931E-11	-6.347256E+0	6.667818E-11
-8.148001E+2	-3.580359E-10	5.621619E-11	-6.368911E+0	6.678199E-11
-8.147000E+2	-3.558656E-10	5.622661E-11	-6.329131E+0	6.688829E-11
-8.146000E+2	-3.561229E-10	5.623883E-11	-6.332331E+0	6.673582E-11
-8.145000E+2	-3.555513E-10	5.626006E-11	-6.319782E+0	6.699170E-11
-8.144000E+2	-3.552806E-10	5.626275E-11	-6.314668E+0	6.695313E-11
-8.143000E+2	-3.533594E-10	5.627006E-11	-6.279705E+0	6.712687E-11
-8.141999E+2	-3.535490E-10	5.628314E-11	-6.281615E+0	6.708750E-11
-8.141000E+2	-3.522130E-10	5.628406E-11	-6.257775E+0	6.704106E-11
-8.139999E+2	-3.523067E-10	5.629246E-11	-6.258506E+0	6.727562E-11
-8.139000E+2	-3.510991E-10	5.631697E-11	-6.234339E+0	6.734296E-11
-8.138000E+2	-3.511422E-10	5.630267E-11	-6.236688E+0	6.749683E-11
-8.137000E+2	-3.499143E-10	5.632534E-11	-6.212378E+0	6.764139E-11
-8.136000E+2	-3.501721E-10	5.631658E-11	-6.217922E+0	6.755106E-11
-8.135001E+2	-3.487939E-10	5.634903E-11	-6.189883E+0	6.762352E-11
-8.133999E+2	-3.485315E-10	5.635248E-11	-6.184848E+0	6.761301E-11
-8.133000E+2	-3.480631E-10	5.635406E-11	-6.176362E+0	6.782162E-11
-8.131999E+2	-3.470889E-10	5.634109E-11	-6.160493E+0	6.789536E-11
-8.131001E+2	-3.468926E-10	5.636583E-11	-6.154307E+0	6.794941E-11
-8.130000E+2	-3.464588E-10	5.635613E-11	-6.147668E+0	6.805359E-11
-8.129000E+2	-3.463842E-10	5.638614E-11	-6.143073E+0	6.807949E-11
-8.128000E+2	-3.462020E-10	5.637961E-11	-6.140553E+0	6.818268E-11
-8.127001E+2	-3.457578E-10	5.639732E-11	-6.130749E+0	6.824982E-11
-8.125999E+2	-3.456320E-10	5.639413E-11	-6.128865E+0	6.842156E-11
-8.125000E+2	-3.451912E-10	5.639481E-11	-6.120975E+0	6.824603E-11
-8.123999E+2	-3.450112E-10	5.640898E-11	-6.116246E+0	6.850728E-11
-8.123001E+2	-3.449177E-10	5.641480E-11	-6.113958E+0	6.883027E-11
-8.122000E+2	-3.448596E-10	5.642100E-11	-6.112256E+0	6.880781E-11
-8.121000E+2	-3.446540E-10	5.641476E-11	-6.109288E+0	6.873877E-11
-8.120000E+2	-3.445572E-10	5.642142E-11	-6.106851E+0	6.878940E-11
-8.119001E+2	-3.443179E-10	5.643923E-11	-6.100684E+0	6.880141E-11
-8.117999E+2	-3.444879E-10	5.644340E-11	-6.103245E+0	6.920575E-11
-8.117000E+2	-3.443130E-10	5.644380E-11	-6.100103E+0	6.909454E-11
-8.115999E+2	-3.444909E-10	5.644225E-11	-6.103423E+0	6.917856E-11
-8.115001E+2	-3.442744E-10	5.644731E-11	-6.099040E+0	6.934270E-11
-8.114000E+2	-3.442129E-10	5.646290E-11	-6.096267E+0	6.935520E-11
-8.113000E+2	-3.444240E-10	5.644438E-11	-6.102007E+0	6.950466E-11
-8.112000E+2	-3.440933E-10	5.646984E-11	-6.093400E+0	6.946312E-11
-8.111001E+2	-3.443175E-10	5.646304E-11	-6.098104E+0	6.961247E-11
-8.109999E+2	-3.443715E-10	5.647865E-11	-6.097375E+0	6.976401E-11
-8.109000E+2	-3.443377E-10	5.647878E-11	-6.096762E+0	6.972734E-11
-8.107999E+2	-3.445003E-10	5.647913E-11	-6.099604E+0	6.981368E-11
-8.107001E+2	-3.444429E-10	5.648241E-11	-6.098233E+0	7.018762E-11
-8.106000E+2	-3.446815E-10	5.647544E-11	-6.103211E+0	7.023796E-11
-8.105000E+2	-3.445008E-10	5.653323E-11	-6.093775E+0	7.035469E-11
-8.104000E+2	-3.441721E-10	5.656136E-11	-6.084933E+0	7.045080E-11
-8.103001E+2	-3.444400E-10	5.660642E-11	-6.084822E+0	7.042842E-11
-8.101999E+2	-3.447744E-10	5.664211E-11	-6.086892E+0	7.083284E-11
-8.101000E+2	-3.455499E-10	5.669982E-11	-6.094374E+0	7.084503E-11
-8.099999E+2	-3.453938E-10	5.672702E-11	-6.088700E+0	7.078257E-11
-8.099001E+2	-3.451731E-10	5.657533E-11	-6.101124E+0	7.102287E-11
-8.098000E+2	-3.447922E-10	5.677460E-11	-6.073001E+0	7.107361E-11
-8.097000E+2	-3.447548E-10	5.671909E-11	-6.078285E+0	7.117111E-11
-8.096000E+2	-3.442366E-10	5.673187E-11	-6.067782E+0	7.123867E-11
-8.095001E+2	-3.438164E-10	5.673193E-11	-6.060368E+0	7.132359E-11
-8.093999E+2	-3.435466E-10	5.671600E-11	-6.057314E+0	7.135426E-11
-8.093000E+2	-3.427743E-10	5.673988E-11	-6.041153E+0	7.149142E-11
-8.091999E+2	-3.421987E-10	5.672735E-11	-6.032341E+0	7.177058E-11
-8.091001E+2	-3.416522E-10	5.672724E-11	-6.022719E+0	7.182271E-11
-8.090000E+2	-3.408329E-10	5.673574E-11	-6.007376E+0	7.184820E-11
-8.089000E+2	-3.401862E-10	5.673069E-11	-5.996511E+0	7.184161E-11
-8.088000E+2	-3.392507E-10	5.673912E-11	-5.979132E+0	7.207678E-11
-8.087001E+2	-3.387227E-10	5.674376E-11	-5.969338E+0	7.219908E-11
-8.086000E+2	-3.379644E-10	5.675743E-11	-5.954540E+0	7.218169E-11
-8.085000E+2	-3.369625E-10	5.674616E-11	-5.938067E+0	7.232104E-11
-8.084000E+2	-3.364606E-10	5.675282E-11	-5.928527E+0	7.221895E-11
-8.082999E+2	-3.356717E-10	5.676405E-11	-5.913456E+0	7.235592E-11
-8.082001E+2	-3.348768E-10	5.676698E-11	-5.899148E+0	7.242935E-11
-8.081001E+2	-3.342033E-10	5.677677E-11	-5.886268E+0	7.247942E-11
-8.080001E+2	-3.333935E-10	5.676964E-11	-5.872743E+0	7.263815E-11
-8.078999E+2	-3.324802E-10	5.678167E-11	-5.855414E+0	7.271587E-11
-8.078000E+2	-3.322027E-10	5.675548E-11	-5.853227E+0	7.285625E-11
-8.077001E+2	-3.315283E-10	5.678092E-11	-5.838727E+0	7.291600E-11
-8.076000E+2	-3.307619E-10	5.677167E-11	-5.826179E+0	7.297493E-11
-8.075000E+2	-3.306304E-10	5.677296E-11	-5.823730E+0	7.255453E-11
-8.073999E+2	-3.300930E-10	5.677270E-11	-5.814291E+0	7.297326E-11
-8.072999E+2	-3.296552E-10	5.677440E-11	-5.806406E+0	7.151840E-11
-8.072000E+2	-3.293959E-10	5.672082E-11	-5.807319E+0	7.376111E-11
-8.071000E+2	-3.289975E-10	5.683078E-11	-5.789072E+0	7.095571E-11
-8.070001E+2	-3.287980E-10	5.675807E-11	-5.792974E+0	7.327966E-11
-8.069000E+2	-3.284831E-10	5.677724E-11	-5.785471E+0	7.302810E-11
-8.068001E+2	-3.288006E-10	5.678229E-11	-5.790548E+0	7.354801E-11
-8.067000E+2	-3.285866E-10	5.678357E-11	-5.786649E+0	7.352535E-11
-8.066000E+2	-3.284575E-10	5.678827E-11	-5.783897E+0	7.355443E-11
-8.065000E+2	-3.287805E-10	5.679761E-11	-5.788633E+0	7.351273E-11
-8.064000E+2	-3.286734E-10	5.677235E-11	-5.789322E+0	7.373175E-11
-8.063001E+2	-3.288594E-10	5.682059E-11	-5.787680E+0	7.390978E-11
-8.062000E+2	-3.290186E-10	5.674063E-11	-5.798642E+0	7.461953E-11
-8.061001E+2	-3.280186E-10	5.676427E-11	-5.778610E+0	7.460844E-11
-8.060000E+2	-3.298629E-10	5.680127E-11	-5.807316E+0	7.589167E-11
-8.059000E+2	-3.305666E-10	5.679502E-11	-5.820345E+0	7.510908E-11
-8.057999E+2	-3.311541E-10	5.677918E-11	-5.832316E+0	7.413889E-11
-8.056999E+2	-3.321963E-10	5.671145E-11	-5.857658E+0	7.471915E-11
-8.056000E+2	-3.336155E-10	5.680099E-11	-5.873410E+0	7.498240E-11
-8.055000E+2	-3.338739E-10	5.677125E-11	-5.881038E+0	7.493674E-11
-8.053999E+2	-3.345528E-10	5.677570E-11	-5.892535E+0	7.500527E-11
-8.053000E+2	-3.356482E-10	5.677598E-11	-5.911799E+0	7.512925E-11
-8.051999E+2	-3.367311E-10	5.676875E-11	-5.931628E+0	7.524666E-11
-8.051001E+2	-3.384156E-10	5.678519E-11	-5.959575E+0	7.525942E-11
-8.050001E+2	-3.389110E-10	5.677387E-11	-5.969489E+0	7.521877E-11
-8.049001E+2	-3.410904E-10	5.677307E-11	-6.007961E+0	7.535596E-11
-8.047999E+2	-3.417991E-10	5.678199E-11	-6.019498E+0	7.554778E-11
-8.047000E+2	-3.451085E-10	5.676492E-11	-6.079609E+0	7.564048E-11
-8.046001E+2	-3.447964E-10	5.678244E-11	-6.072236E+0	7.566518E-11
-8.045000E+2	-3.465065E-10	5.677876E-11	-6.102749E+0	7.565976E-11
-8.043999E+2	-3.485310E-10	5.680918E-11	-6.135118E+0	7.583811E-11
-8.043001E+2	-3.505976E-10	5.676201E-11	-6.176624E+0	7.602041E-11
-8.042001E+2	-3.528281E-10	5.677441E-11	-6.214562E+0	7.625182E-11
-8.041001E+2	-3.554871E-10	5.677254E-11	-6.261603E+0	7.622495E-11
-8.039999E+2	-3.580039E-10	5.676167E-11	-6.307142E+0	7.636083E-11
-8.039000E+2	-3.611284E-10	5.676852E-11	-6.361420E+0	7.640978E-11
-8.038001E+2	-3.640327E-10	5.676450E-11	-6.413035E+0	7.657540E-11
-8.037000E+2	-3.673190E-10	5.676081E-11	-6.471349E+0	7.642564E-11
-8.035999E+2	-3.706776E-10	5.676968E-11	-6.529500E+0	7.659959E-11
-8.034999E+2	-3.746210E-10	5.675752E-11	-6.600376E+0	7.675974E-11
-8.033999E+2	-3.794307E-10	5.674976E-11	-6.686032E+0	7.678962E-11
-8.032999E+2	-3.841217E-10	5.676918E-11	-6.766377E+0	7.694838E-11
-8.032000E+2	-3.895693E-10	5.675406E-11	-6.864166E+0	7.708417E-11
-8.031000E+2	-3.948680E-10	5.674525E-11	-6.958609E+0	7.716996E-11
-8.029999E+2	-4.017398E-10	5.674679E-11	-7.079516E+0	7.727548E-11
-8.029001E+2	-4.078266E-10	5.674821E-11	-7.186598E+0	7.734982E-11
-8.028000E+2	-4.147333E-10	5.673760E-11	-7.309673E+0	7.753865E-11
-8.027000E+2	-4.217280E-10	5.672390E-11	-7.434750E+0	7.767750E-11
-8.026000E+2	-4.303111E-10	5.673852E-11	-7.584109E+0	7.778739E-11
-8.025000E+2	-4.402231E-10	5.674844E-11	-7.757448E+0	7.780467E-11
-8.024001E+2	-4.496149E-10	5.674549E-11	-7.923359E+0	7.779819E-11
-8.023000E+2	-4.594359E-10	5.674777E-11	-8.096105E+0	7.781497E-11
-8.022001E+2	-4.703610E-10	5.673875E-11	-8.289943E+0	7.801481E-11
-8.021000E+2	-4.822984E-10	5.674345E-11	-8.499631E+0	7.815178E-11
-8.019999E+2	-4.911382E-10	5.674237E-11	-8.655581E+0	7.814985E-11
-8.018999E+2	-5.002629E-10	5.674183E-11	-8.816475E+0	7.827814E-11
-8.017999E+2	-5.105125E-10	5.670186E-11	-9.003452E+0	7.835418E-11
-8.017000E+2	-5.191245E-10	5.672166E-11	-9.152139E+0	7.866827E-11
-8.016000E+2	-5.259627E-10	5.673400E-11	-9.270679E+0	7.857157E-11
-8.014999E+2	-5.335640E-10	5.674484E-11	-9.402864E+0	7.870945E-11
-8.014000E+2	-5.407355E-10	5.674575E-11	-9.529092E+0	7.892604E-11
-8.013000E+2	-5.482110E-10	5.672507E-11	-9.664351E+0	7.893883E-11
-8.011999E+2	-5.567203E-10	5.671829E-11	-9.815534E+0	7.909549E-11
-8.010999E+2	-5.679137E-10	5.671165E-11	-1.001406E+1	7.912294E-11
-8.009999E+2	-5.838619E-10	5.671901E-11	-1.029394E+1	7.918188E-11
-8.009000E+2	-6.014112E-10	5.671681E-11	-1.060376E+1	7.928119E-11
-8.008001E+2	-6.240602E-10	5.672279E-11	-1.100193E+1	7.943868E-11
-8.006999E+2	-6.520030E-10	5.670558E-11	-1.149804E+1	7.965075E-11
-8.006001E+2	-6.856926E-10	5.670833E-11	-1.209157E+1	7.988546E-11
-8.005000E+2	-7.152049E-10	5.671157E-11	-1.261127E+1	8.001542E-11
-8.004000E+2	-7.406969E-10	5.670948E-11	-1.306125E+1	8.020995E-11
-8.003000E+2	-7.571228E-10	5.669651E-11	-1.335396E+1	8.046632E-11
-8.002000E+2	-7.610230E-10	5.669957E-11	-1.342202E+1	8.047570E-11
-8.001001E+2	-7.515329E-10	5.668782E-11	-1.325740E+1	8.035742E-11
-7.999999E+2	-7.308448E-10	5.669646E-11	-1.289048E+1	8.050629E-11
-7.999000E+2	-6.983730E-10	5.669260E-11	-1.231859E+1	8.055813E-11
-7.998000E+2	-6.572533E-10	5.668030E-11	-1.159580E+1	8.075635E-11
-7.996999E+2	-6.198481E-10	5.671841E-11	-1.092852E+1	8.056952E-11
-7.995999E+2	-5.873447E-10	5.667075E-11	-1.036416E+1	8.071557E-11
-7.994999E+2	-5.610052E-10	5.667240E-11	-9.899090E+0	8.071299E-11
-7.994000E+2	-5.393324E-10	5.666939E-11	-9.517173E+0	8.071808E-11
-7.993000E+2	-5.199846E-10	5.665748E-11	-9.177687E+0	8.086486E-11
-7.992001E+2	-5.001695E-10	5.667084E-11	-8.825871E+0	8.100842E-11
-7.991000E+2	-4.808433E-10	5.665972E-11	-8.486510E+0	8.108925E-11
-7.990000E+2	-4.609085E-10	5.665228E-11	-8.135745E+0	8.105047E-11
-7.988999E+2	-4.419564E-10	5.663312E-11	-7.803850E+0	8.127845E-11
-7.987999E+2	-4.178797E-10	5.664487E-11	-7.377185E+0	8.109864E-11
-7.986999E+2	-3.974674E-10	5.663435E-11	-7.018133E+0	8.088334E-11
-7.986000E+2	-3.822486E-10	5.662503E-11	-6.750524E+0	8.119484E-11
-7.985000E+2	-3.729339E-10	5.662620E-11	-6.585890E+0	8.125849E-11
-7.983999E+2	-3.616840E-10	5.662855E-11	-6.386955E+0	8.108043E-11
-7.983001E+2	-3.508733E-10	5.661400E-11	-6.197642E+0	8.126588E-11
-7.982000E+2	-3.411384E-10	5.661365E-11	-6.025727E+0	8.120420E-11
-7.981000E+2	-3.304768E-10	5.660459E-11	-5.838339E+0	8.129175E-11
-7.980000E+2	-3.207387E-10	5.660470E-11	-5.666291E+0	8.131883E-11
-7.979000E+2	-3.138280E-10	5.659061E-11	-5.545584E+0	8.132992E-11
-7.978001E+2	-3.077471E-10	5.658330E-11	-5.438833E+0	8.137136E-11
-7.976999E+2	-3.020211E-10	5.659050E-11	-5.336958E+0	8.130573E-11
-7.976000E+2	-2.973811E-10	5.658630E-11	-5.255355E+0	8.147468E-11
-7.975000E+2	-2.930494E-10	5.656216E-11	-5.181015E+0	8.159465E-11
-7.973999E+2	-2.900789E-10	5.649245E-11	-5.134826E+0	8.166370E-11
-7.972999E+2	-2.875326E-10	5.663324E-11	-5.077100E+0	8.180288E-11
-7.971999E+2	-2.851349E-10	5.654039E-11	-5.043030E+0	8.180547E-11
-7.971000E+2	-2.832630E-10	5.655869E-11	-5.008302E+0	8.177789E-11
-7.970000E+2	-2.819508E-10	5.653996E-11	-4.986753E+0	8.195583E-11
-7.968999E+2	-2.805542E-10	5.654044E-11	-4.962009E+0	8.204466E-11
-7.968001E+2	-2.793606E-10	5.655175E-11	-4.939911E+0	8.220392E-11
-7.967000E+2	-2.789869E-10	5.653548E-11	-4.934722E+0	8.217044E-11
-7.966000E+2	-2.767453E-10	5.648547E-11	-4.899407E+0	8.225548E-11
-7.965000E+2	-2.774830E-10	5.655190E-11	-4.906696E+0	8.230153E-11
-7.964000E+2	-2.752014E-10	5.651762E-11	-4.869303E+0	8.250404E-11
-7.963000E+2	-2.764738E-10	5.649436E-11	-4.893830E+0	8.253811E-11
-7.961999E+2	-2.743927E-10	5.650671E-11	-4.855931E+0	8.251592E-11
-7.961000E+2	-2.761562E-10	5.649141E-11	-4.888464E+0	8.248375E-11
-7.960000E+2	-2.746735E-10	5.648546E-11	-4.862729E+0	8.252731E-11
-7.958999E+2	-2.754275E-10	5.648504E-11	-4.876114E+0	8.278930E-11
-7.958001E+2	-2.741631E-10	5.647230E-11	-4.854824E+0	8.289340E-11
-7.957001E+2	-2.752888E-10	5.647565E-11	-4.874469E+0	8.298998E-11
-7.955999E+2	-2.747768E-10	5.646616E-11	-4.866221E+0	8.309570E-11
-7.955000E+2	-2.758925E-10	5.646002E-11	-4.886511E+0	8.315384E-11
-7.954001E+2	-2.745770E-10	5.644920E-11	-4.864143E+0	8.314854E-11
-7.953000E+2	-2.754290E-10	5.643191E-11	-4.880731E+0	8.344976E-11
-7.951999E+2	-2.755463E-10	5.643979E-11	-4.882128E+0	8.345766E-11
-7.950999E+2	-2.753075E-10	5.642934E-11	-4.878801E+0	8.329691E-11
-7.949999E+2	-2.752535E-10	5.641998E-11	-4.878653E+0	8.348666E-11
-7.948999E+2	-2.751169E-10	5.640009E-11	-4.877951E+0	8.356218E-11
-7.948000E+2	-2.750295E-10	5.636970E-11	-4.879031E+0	8.372483E-11
-7.947001E+2	-2.746767E-10	5.639494E-11	-4.870591E+0	8.385429E-11
-7.946000E+2	-2.744480E-10	5.637542E-11	-4.868221E+0	8.390125E-11
-7.945001E+2	-2.741690E-10	5.637155E-11	-4.863606E+0	8.395123E-11
-7.944000E+2	-2.738288E-10	5.639492E-11	-4.855558E+0	8.402185E-11
-7.943000E+2	-2.736282E-10	5.635166E-11	-4.855726E+0	8.411517E-11
-7.942000E+2	-2.732562E-10	5.634176E-11	-4.849976E+0	8.410169E-11
-7.941001E+2	-2.727820E-10	5.637068E-11	-4.839076E+0	8.410999E-11
-7.939999E+2	-2.722642E-10	5.632595E-11	-4.833726E+0	8.423656E-11
-7.939000E+2	-2.721809E-10	5.632954E-11	-4.831939E+0	8.419639E-11
-7.937999E+2	-2.717430E-10	5.631837E-11	-4.825122E+0	8.435236E-11
-7.937001E+2	-2.714590E-10	5.632593E-11	-4.819432E+0	8.440550E-11
-7.936000E+2	-2.712552E-10	5.629166E-11	-4.818746E+0	8.451671E-11
-7.935000E+2	-2.708371E-10	5.629397E-11	-4.811121E+0	8.464317E-11
-7.934001E+2	-2.707592E-10	5.629539E-11	-4.809616E+0	8.487507E-11
-7.932999E+2	-2.702507E-10	5.625308E-11	-4.804194E+0	8.506289E-11
-7.932000E+2	-2.702503E-10	5.617633E-11	-4.810750E+0	8.513731E-11
-7.931001E+2	-2.699794E-10	5.630190E-11	-4.795209E+0	8.518077E-11
-7.930000E+2	-2.698373E-10	5.622174E-11	-4.799519E+0	8.540808E-11
-7.929000E+2	-2.697769E-10	5.623458E-11	-4.797349E+0	8.566624E-11
-7.928000E+2	-2.698171E-10	5.621448E-11	-4.799779E+0	8.538949E-11
-7.927000E+2	-2.696985E-10	5.618203E-11	-4.800441E+0	8.528479E-11
-7.926000E+2	-2.700007E-10	5.617950E-11	-4.806036E+0	8.546314E-11
-7.925001E+2	-2.702335E-10	5.616824E-11	-4.811144E+0	8.494570E-11
-7.924000E+2	-2.703825E-10	5.617553E-11	-4.813172E+0	8.560520E-11
-7.923001E+2	-2.705720E-10	5.617144E-11	-4.816896E+0	8.561288E-11
-7.922000E+2	-2.709854E-10	5.614564E-11	-4.826473E+0	8.573329E-11
-7.921000E+2	-2.714518E-10	5.616112E-11	-4.833447E+0	8.586375E-11
-7.920000E+2	-2.718257E-10	5.613888E-11	-4.842022E+0	8.588954E-11
-7.919000E+2	-2.723671E-10	5.611581E-11	-4.853661E+0	8.599243E-11
-7.918001E+2	-2.729433E-10	5.609505E-11	-4.865729E+0	8.619875E-11
-7.917000E+2	-2.734883E-10	5.609455E-11	-4.875488E+0	8.623981E-11
-7.916001E+2	-2.743861E-10	5.609225E-11	-4.891694E+0	8.642163E-11
-7.915000E+2	-2.753191E-10	5.606735E-11	-4.910507E+0	8.640887E-11
-7.913999E+2	-2.762346E-10	5.606912E-11	-4.926680E+0	8.640627E-11
-7.912999E+2	-2.771273E-10	5.605129E-11	-4.944173E+0	8.647899E-11
-7.912000E+2	-2.783925E-10	5.605405E-11	-4.966501E+0	8.656181E-11
-7.911000E+2	-2.795265E-10	5.605029E-11	-4.987066E+0	8.663546E-11
-7.910001E+2	-2.809950E-10	5.602654E-11	-5.015391E+0	8.678211E-11
-7.909000E+2	-2.824996E-10	5.600051E-11	-5.044590E+0	8.678820E-11
-7.908001E+2	-2.842658E-10	5.599992E-11	-5.076182E+0	8.694476E-11
-7.907000E+2	-2.860970E-10	5.603098E-11	-5.106050E+0	8.716759E-11
-7.906000E+2	-2.879339E-10	5.597688E-11	-5.143800E+0	8.713080E-11
-7.905000E+2	-2.902643E-10	5.597639E-11	-5.185477E+0	8.719843E-11
-7.904000E+2	-2.925148E-10	5.594304E-11	-5.228797E+0	8.744189E-11
-7.903001E+2	-2.945432E-10	5.593858E-11	-5.265475E+0	8.753930E-11
-7.902000E+2	-2.971343E-10	5.591492E-11	-5.314043E+0	8.755109E-11
-7.901001E+2	-2.997115E-10	5.591479E-11	-5.360147E+0	8.773191E-11
-7.900000E+2	-3.023373E-10	5.589809E-11	-5.408723E+0	8.779646E-11
-7.899000E+2	-3.051067E-10	5.587638E-11	-5.460388E+0	8.765452E-11
-7.898000E+2	-3.081208E-10	5.587713E-11	-5.514256E+0	8.770746E-11
-7.897000E+2	-3.113463E-10	5.585790E-11	-5.573899E+0	8.789539E-11
-7.896000E+2	-3.146406E-10	5.583464E-11	-5.635222E+0	8.802484E-11
-7.894999E+2	-3.187591E-10	5.582076E-11	-5.710404E+0	8.808537E-11
-7.894000E+2	-3.229727E-10	5.581534E-11	-5.786450E+0	8.820190E-11
-7.893000E+2	-3.273610E-10	5.578923E-11	-5.867817E+0	8.871451E-11
-7.891999E+2	-3.329542E-10	5.581150E-11	-5.965692E+0	8.810769E-11
-7.891001E+2	-3.390424E-10	5.569632E-11	-6.087339E+0	8.833637E-11
-7.889999E+2	-3.466274E-10	5.582017E-11	-6.209716E+0	8.868054E-11
-7.888999E+2	-3.549608E-10	5.572666E-11	-6.369677E+0	8.865898E-11
-7.888000E+2	-3.633441E-10	5.572582E-11	-6.520211E+0	8.917939E-11
-7.887001E+2	-3.726452E-10	5.576210E-11	-6.682768E+0	8.913043E-11
-7.886000E+2	-3.835090E-10	5.576133E-11	-6.877687E+0	8.931057E-11
-7.885000E+2	-3.938638E-10	5.576870E-11	-7.062453E+0	8.937780E-11
-7.883999E+2	-4.056041E-10	5.577577E-11	-7.272048E+0	8.949688E-11
-7.882999E+2	-4.194650E-10	5.578100E-11	-7.519854E+0	8.971840E-11
-7.882000E+2	-4.317528E-10	5.578521E-11	-7.739557E+0	8.975626E-11
-7.881000E+2	-4.471568E-10	5.581809E-11	-8.010966E+0	8.991152E-11
-7.879999E+2	-4.599473E-10	5.579604E-11	-8.243368E+0	8.999642E-11
-7.879000E+2	-4.751340E-10	5.579495E-11	-8.515717E+0	9.017628E-11
-7.878000E+2	-4.875536E-10	5.576529E-11	-8.742958E+0	9.027369E-11
-7.876999E+2	-5.030821E-10	5.576508E-11	-9.021454E+0	9.044603E-11
-7.875999E+2	-5.136837E-10	5.574697E-11	-9.214558E+0	9.046261E-11
-7.874999E+2	-5.284500E-10	5.574063E-11	-9.480517E+0	9.059390E-11
-7.874000E+2	-5.383650E-10	5.572370E-11	-9.661329E+0	9.070269E-11
-7.873001E+2	-5.518244E-10	5.570199E-11	-9.906727E+0	9.080608E-11
-7.872000E+2	-5.604908E-10	5.568017E-11	-1.006626E+1	9.084035E-11
-7.871001E+2	-5.709438E-10	5.565140E-11	-1.025929E+1	9.089552E-11
-7.870000E+2	-5.830345E-10	5.565215E-11	-1.047641E+1	9.112149E-11
-7.869000E+2	-5.981237E-10	5.561473E-11	-1.075477E+1	9.113389E-11
-7.868000E+2	-6.149831E-10	5.561880E-11	-1.105711E+1	9.113390E-11
-7.867001E+2	-6.374491E-10	5.559352E-11	-1.146625E+1	9.125697E-11
-7.866000E+2	-6.621006E-10	5.558137E-11	-1.191228E+1	9.130270E-11
-7.865000E+2	-6.891250E-10	5.557846E-11	-1.239914E+1	9.153094E-11
-7.864000E+2	-7.214462E-10	5.553660E-11	-1.299046E+1	9.182036E-11
-7.862999E+2	-7.545287E-10	5.552592E-11	-1.358877E+1	9.195923E-11
-7.862001E+2	-7.842800E-10	5.552336E-11	-1.412523E+1	9.192926E-11
-7.861001E+2	-8.172268E-10	5.549648E-11	-1.472574E+1	9.242822E-11
-7.859999E+2	-8.546499E-10	5.546835E-11	-1.540788E+1	9.247150E-11
-7.859000E+2	-8.901676E-10	5.545415E-11	-1.605232E+1	9.260115E-11
-7.858001E+2	-9.223948E-10	5.543063E-11	-1.664053E+1	9.277957E-11
-7.857000E+2	-9.564177E-10	5.543296E-11	-1.725359E+1	9.311137E-11
-7.855999E+2	-9.875744E-10	5.541659E-11	-1.782092E+1	9.321526E-11
-7.855001E+2	-1.008856E-9	5.539442E-11	-1.821223E+1	9.346404E-11
-7.854001E+2	-1.021847E-9	5.535566E-11	-1.845967E+1	9.349811E-11
-7.852999E+2	-1.021514E-9	5.534979E-11	-1.845561E+1	9.383429E-11
-7.852000E+2	-1.000364E-9	5.531684E-11	-1.808426E+1	9.392141E-11
-7.851001E+2	-9.646423E-10	5.529257E-11	-1.744615E+1	9.426062E-11
-7.850000E+2	-9.239275E-10	5.528278E-11	-1.671275E+1	9.431945E-11
-7.849001E+2	-8.691859E-10	5.513591E-11	-1.576442E+1	9.442647E-11
-7.848001E+2	-8.209159E-10	5.529113E-11	-1.484715E+1	9.438360E-11
-7.847000E+2	-7.800880E-10	5.521821E-11	-1.412737E+1	9.440236E-11
-7.846001E+2	-7.437578E-10	5.521842E-11	-1.346938E+1	9.433624E-11
-7.844999E+2	-7.173043E-10	5.520201E-11	-1.299417E+1	9.435164E-11
-7.844000E+2	-6.995937E-10	5.515951E-11	-1.268310E+1	9.440215E-11
-7.843001E+2	-6.902139E-10	5.516067E-11	-1.251279E+1	9.463337E-11
-7.842000E+2	-6.905455E-10	5.511156E-11	-1.252996E+1	9.474046E-11
-7.841000E+2	-6.972715E-10	5.510343E-11	-1.265387E+1	9.490261E-11
-7.840000E+2	-6.983322E-10	5.509488E-11	-1.267508E+1	9.503925E-11
-7.839000E+2	-6.899045E-10	5.506755E-11	-1.252833E+1	9.496897E-11
-7.838000E+2	-6.869894E-10	5.506151E-11	-1.247676E+1	9.497914E-11
-7.837001E+2	-7.021184E-10	5.502184E-11	-1.276072E+1	9.508853E-11
-7.836000E+2	-7.154982E-10	5.502198E-11	-1.300386E+1	9.518394E-11
-7.834999E+2	-7.101019E-10	5.499011E-11	-1.291327E+1	9.526216E-11
-7.834000E+2	-6.790875E-10	5.496742E-11	-1.235436E+1	9.510862E-11
-7.833000E+2	-6.174507E-10	5.494180E-11	-1.123827E+1	9.490000E-11
-7.832000E+2	-5.572968E-10	5.494452E-11	-1.014290E+1	9.475196E-11
-7.831001E+2	-5.137365E-10	5.491408E-11	-9.355278E+0	9.458070E-11
-7.829999E+2	-4.828560E-10	5.489082E-11	-8.796662E+0	9.429656E-11
-7.829000E+2	-4.532268E-10	5.486651E-11	-8.260536E+0	9.414300E-11
-7.828000E+2	-4.155115E-10	5.486835E-11	-7.572881E+0	9.388576E-11
-7.827001E+2	-3.695853E-10	5.482116E-11	-6.741654E+0	9.372649E-11
-7.826001E+2	-3.318288E-10	5.480379E-11	-6.054851E+0	9.350977E-11
-7.825001E+2	-3.143436E-10	5.479268E-11	-5.736963E+0	9.349063E-11
-7.823999E+2	-3.050707E-10	5.476171E-11	-5.570876E+0	9.378765E-11
-7.823000E+2	-2.916373E-10	5.474318E-11	-5.327372E+0	9.396486E-11
-7.822000E+2	-2.738351E-10	5.473320E-11	-5.003090E+0	9.380822E-11
-7.821000E+2	-2.549172E-10	5.471179E-11	-4.659274E+0	9.369495E-11
-7.820001E+2	-2.363608E-10	5.470258E-11	-4.320835E+0	9.354609E-11
-7.819001E+2	-2.247292E-10	5.466581E-11	-4.110964E+0	9.352017E-11
-7.818001E+2	-2.179247E-10	5.464236E-11	-3.988201E+0	9.337393E-11
-7.817001E+2	-2.120521E-10	5.461795E-11	-3.882462E+0	9.339501E-11
-7.816000E+2	-2.078666E-10	5.457540E-11	-3.808797E+0	9.327351E-11
-7.815000E+2	-2.048200E-10	5.457040E-11	-3.753317E+0	9.318381E-11
-7.813999E+2	-2.022892E-10	5.455695E-11	-3.707854E+0	9.349362E-11
-7.813001E+2	-2.005090E-10	5.454152E-11	-3.676264E+0	9.344547E-11
-7.812000E+2	-2.030342E-10	5.452302E-11	-3.723825E+0	9.343849E-11
-7.811000E+2	-1.986816E-10	5.447986E-11	-3.646882E+0	9.337075E-11
-7.810001E+2	-1.970017E-10	5.445013E-11	-3.618021E+0	9.355258E-11
-7.808999E+2	-1.956358E-10	5.440020E-11	-3.596233E+0	9.369803E-11
-7.808000E+2	-1.943000E-10	5.443156E-11	-3.569620E+0	9.360603E-11
-7.807001E+2	-1.931446E-10	5.439084E-11	-3.551050E+0	9.388026E-11
-7.806000E+2	-1.920748E-10	5.436165E-11	-3.533278E+0	9.382644E-11
-7.805000E+2	-1.912712E-10	5.434746E-11	-3.519414E+0	9.388699E-11
-7.804000E+2	-1.904152E-10	5.430874E-11	-3.506161E+0	9.398058E-11
-7.803000E+2	-1.896133E-10	5.429576E-11	-3.492230E+0	9.410427E-11
-7.802000E+2	-1.889234E-10	5.427525E-11	-3.480839E+0	9.405631E-11
-7.800999E+2	-1.882174E-10	5.425902E-11	-3.468868E+0	9.403982E-11
-7.800000E+2	-1.875620E-10	5.422115E-11	-3.459204E+0	9.415582E-11
-7.799000E+2	-1.869845E-10	5.419868E-11	-3.449983E+0	9.407033E-11
-7.797999E+2	-1.861614E-10	5.418802E-11	-3.435472E+0	9.425204E-11
-7.796999E+2	-1.859186E-10	5.414655E-11	-3.433619E+0	9.430349E-11
-7.795999E+2	-1.854279E-10	5.413254E-11	-3.425442E+0	9.432798E-11
-7.795000E+2	-1.849231E-10	5.409509E-11	-3.418482E+0	9.438143E-11
-7.794000E+2	-1.846061E-10	5.407339E-11	-3.413992E+0	9.441410E-11
-7.792999E+2	-1.838816E-10	5.405943E-11	-3.401471E+0	9.438344E-11
-7.792001E+2	-1.838819E-10	5.403387E-11	-3.403086E+0	9.443786E-11
-7.791000E+2	-1.830774E-10	5.401044E-11	-3.389667E+0	9.437501E-11
-7.790000E+2	-1.831933E-10	5.398090E-11	-3.393669E+0	9.451707E-11
-7.789000E+2	-1.823714E-10	5.394095E-11	-3.380945E+0	9.446893E-11
-7.788001E+2	-1.826221E-10	5.392677E-11	-3.386483E+0	9.440838E-11
-7.786999E+2	-1.817746E-10	5.390912E-11	-3.371871E+0	9.461130E-11
-7.786000E+2	-1.822329E-10	5.387453E-11	-3.382543E+0	9.457943E-11
-7.785000E+2	-1.814280E-10	5.386087E-11	-3.368457E+0	9.493490E-11
-7.783999E+2	-1.816647E-10	5.383958E-11	-3.374185E+0	9.492949E-11
-7.782999E+2	-1.809971E-10	5.379868E-11	-3.364341E+0	9.480643E-11
-7.781999E+2	-1.809866E-10	5.376810E-11	-3.366059E+0	9.495608E-11
-7.781000E+2	-1.808101E-10	5.376273E-11	-3.363112E+0	9.507137E-11
-7.780000E+2	-1.806851E-10	5.373374E-11	-3.362600E+0	9.514833E-11
-7.778999E+2	-1.805247E-10	5.369126E-11	-3.362273E+0	9.507810E-11
-7.778000E+2	-1.803387E-10	5.366953E-11	-3.360169E+0	9.509757E-11
-7.777000E+2	-1.802007E-10	5.363966E-11	-3.359468E+0	9.508876E-11
-7.776000E+2	-1.801863E-10	5.363097E-11	-3.359743E+0	9.516601E-11
-7.775000E+2	-1.800194E-10	5.358374E-11	-3.359590E+0	9.530730E-11
-7.774000E+2	-1.798899E-10	5.357520E-11	-3.357708E+0	9.536304E-11
-7.772999E+2	-1.797176E-10	5.354096E-11	-3.356638E+0	9.535315E-11
-7.772000E+2	-1.795644E-10	5.353019E-11	-3.354451E+0	9.521346E-11
-7.770999E+2	-1.793945E-10	5.350843E-11	-3.352640E+0	9.527352E-11
-7.770001E+2	-1.791904E-10	5.346456E-11	-3.351573E+0	9.527410E-11
-7.769001E+2	-1.790284E-10	5.345391E-11	-3.349211E+0	9.555483E-11
-7.768001E+2	-1.787751E-10	5.342559E-11	-3.346245E+0	9.564626E-11
-7.766999E+2	-1.785479E-10	5.348013E-11	-3.338584E+0	9.559782E-11
-7.766000E+2	-1.783804E-10	5.337802E-11	-3.341832E+0	9.564967E-11
-7.765001E+2	-1.781122E-10	5.335248E-11	-3.338405E+0	9.564957E-11
-7.764000E+2	-1.778908E-10	5.332574E-11	-3.335927E+0	9.570519E-11
-7.763000E+2	-1.776706E-10	5.329553E-11	-3.333687E+0	9.569473E-11
-7.761999E+2	-1.774873E-10	5.326878E-11	-3.331920E+0	9.589205E-11
-7.760999E+2	-1.771980E-10	5.325102E-11	-3.327598E+0	9.613131E-11
-7.760000E+2	-1.769210E-10	5.320771E-11	-3.325101E+0	9.613491E-11
-7.759000E+2	-1.767324E-10	5.317015E-11	-3.323903E+0	9.607265E-11
-7.758000E+2	-1.764972E-10	5.317802E-11	-3.318988E+0	9.609893E-11
-7.757001E+2	-1.762314E-10	5.311813E-11	-3.317726E+0	9.614718E-11
-7.756000E+2	-1.760607E-10	5.309742E-11	-3.315805E+0	9.619626E-11
-7.755000E+2	-1.758279E-10	5.308172E-11	-3.312400E+0	9.619723E-11
-7.754000E+2	-1.756051E-10	5.304717E-11	-3.310358E+0	9.621272E-11
-7.753001E+2	-1.753934E-10	5.304156E-11	-3.306716E+0	9.638677E-11
-7.751999E+2	-1.751532E-10	5.300056E-11	-3.304742E+0	9.655032E-11
-7.751000E+2	-1.748872E-10	5.297981E-11	-3.301016E+0	9.644410E-11
-7.750000E+2	-1.747278E-10	5.295652E-11	-3.299458E+0	9.645731E-11
